5
1
2
48 11 12 9 0 -1
52 14 4 3 0 9
haar_point
-2.810898e-002 0 -1
6.177948e-001 -3.811599e-001 
1
2
16 1 17 3 0 -1
16 2 17 1 0 3
haar_y3
-2.555095e-003 0 -1
4.823440e-001 -5.117087e-001 
1
3
0 12 6 4 0 -1
0 12 3 2 0 2
3 14 3 2 0 2
haar_x2_y2
4.333903e-004 0 -1
2.783359e-001 -8.689440e-001 
1
2
56 0 6 6 0 -1
58 2 2 2 0 9
haar_point
-1.671587e-002 0 -1
7.427393e-001 -3.706742e-001 
1
3
20 2 8 6 0 -1
20 2 4 3 0 2
24 5 4 3 0 2
haar_x2_y2
-6.556787e-003 0 -1
7.982905e-001 -3.612715e-001 
-5.007510e-001

10
-1
